Version "Locarno 3.0"
Product bumblebee
SerialNumber 3050150
Date 03-Jun-2003 13:34:04
Debug off

Resolution 240 320
LowPass on
Rectify on
EdgeCorrelation on
DoStereo on
EdgeMaskSize 7
StereoMaskSize 11

Disparity 0 64
DisparityMappingOn off
DisparityMapping 0 64
TextureValidation on
TextureValidationThreshold 1.1
TextureValidationMapping 255
UniqueValidation on
UniqueValidationThreshold 0.8
UniqueValidationMapping 254
SubPixelInterpolate off
StrictSubpixelValidation off
SurfaceValidation on
SurfaceValidationMapping 253
SurfaceValidationDifference 1
SurfaceValidationSize 200

CameraConfiguration 2CameraHorizontal
FocalLength 0.802741 1.07032 
ImageCenter 0.5501 0.490518
BaseLine 0.119744 

BeginCamera
  Id 0
  Channel red
  Position 0 0 0
  Gain 1
  Warp 0 1
  IWarp 6 7
EndCamera

BeginCamera
  Id 2
  Channel green
  Position -1 0 0
  Gain 1
  Warp 2 3
  IWarp 8 9
EndCamera

# Right forward X warp
BeginWarp
  Id 0
  NumberKnots 13
  KnotsX 0 0 0 0 0.166667 0.333333 0.5 0.666667 0.833333 1 1 1 1
  KnotsY 0 0 0 0 0.166667 0.333333 0.5 0.666667 0.833333 1 1 1 1
  NumberCoefs 9 9
  Coefs
  0.0710938 0.0664693 0.0585227 0.0510832 0.0487999 0.0519391
  0.0601638 0.0685687 0.073415 0.110409 0.10609 0.0985366
  0.0913423 0.0891238 0.0921892 0.100148 0.108128 0.112646
  0.196173 0.192362 0.185553 0.178976 0.176954 0.17979
  0.187093 0.19429 0.19827 0.343187 0.340706 0.336253
  0.331963 0.330681 0.332609 0.337481 0.342249 0.344865
  0.503432 0.502883 0.501906 0.501007 0.500819 0.501384
  0.502635 0.503816 0.504458 0.667161 0.668701 0.671489
  0.674268 0.67526 0.674337 0.671646 0.668939 0.667444
  0.823177 0.826439 0.832318 0.838102 0.840055 0.837904
  0.831979 0.826071 0.822813 0.916682 0.920645 0.927717
  0.934629 0.936935 0.93432 0.927169 0.920015 0.916025
  0.960183 0.964445 0.971957 0.979229 0.981642 0.978882
  0.971333 0.963706 0.959397 
EndWarp

# Right forward Y warp
BeginWarp
  Id 1
  NumberKnots 12
  KnotsX 0 0 0 0 0.2 0.4 0.6 0.8 1 1 1 1
  KnotsY 0 0 0 0 0.2 0.4 0.6 0.8 1 1 1 1
  NumberCoefs 8 8
  Coefs
  0.0756395 0.128942 0.241349 0.421449 0.605457 0.784766
  0.896234 0.948982 0.0656062 0.120048 0.234822 0.419267
  0.607988 0.791573 0.905361 0.959244 0.0472629 0.103369
  0.222197 0.414993 0.612919 0.804686 0.922365 0.977856
  0.0283827 0.0859876 0.208909 0.410442 0.618031 0.818345
  0.939914 0.996809 0.0239022 0.0818563 0.20572 0.409262
  0.619069 0.821344 0.943807 1.00103 0.0353881 0.0924274
  0.21376 0.411845 0.615606 0.812538 0.932594 0.988961
  0.0509585 0.106705 0.224613 0.415415 0.611113 0.800916
  0.917708 0.97285 0.0597532 0.114641 0.230566 0.417371
  0.608671 0.794555 0.909433 0.963733 
EndWarp

# Left forward X warp
BeginWarp
  Id 2
  NumberKnots 13
  KnotsX 0 0 0 0 0.166667 0.333333 0.5 0.666667 0.833333 1 1 1 1
  KnotsY 0 0 0 0 0.166667 0.333333 0.5 0.666667 0.833333 1 1 1 1
  NumberCoefs 9 9
  Coefs
  0.0375921 0.0330187 0.0251908 0.0179614 0.0159063 0.0192815
  0.0277464 0.0363184 0.041253 0.0769662 0.072704 0.0652783
  0.0583037 0.0563196 0.0596243 0.0678211 0.0759615 0.0805617
  0.162861 0.159111 0.152436 0.146088 0.14431 0.147395
  0.154947 0.162304 0.166364 0.309984 0.30756 0.303234
  0.299171 0.298142 0.300338 0.305483 0.310431 0.313137
  0.470248 0.469745 0.468876 0.468185 0.46825 0.469103
  0.470663 0.472054 0.472801 0.633962 0.635535 0.638404
  0.641364 0.642603 0.641985 0.63964 0.637175 0.6358
  0.790006 0.793294 0.799239 0.805186 0.807378 0.805539
  0.799978 0.794327 0.791195 0.883578 0.887568 0.894708
  0.901785 0.904327 0.902018 0.895223 0.88832 0.884457
  0.927132 0.931415 0.938993 0.946431 0.94908 0.946621
  0.939423 0.932048 0.92787 
EndWarp

# Left forward Y warp
BeginWarp
  Id 3
  NumberKnots 12
  KnotsX 0 0 0 0 0.2 0.4 0.6 0.8 1 1 1 1
  KnotsY 0 0 0 0 0.2 0.4 0.6 0.8 1 1 1 1
  NumberCoefs 8 8
  Coefs
  0.0504157 0.103811 0.216392 0.3967 0.580876 0.760345
  0.871925 0.924723 0.0403031 0.0948357 0.209773 0.394395
  0.583246 0.766962 0.880861 0.934801 0.0218145 0.0779996
  0.196956 0.389848 0.587816 0.77964 0.897402 0.952948
  0.00264102 0.0602988 0.183284 0.384782 0.592276 0.792544
  0.914162 0.971101 -0.00226552 0.0557141 0.179582 0.382991
  0.592612 0.794781 0.917275 0.974534 0.00866975 0.0657083
  0.187003 0.384923 0.588491 0.785316 0.905397 0.961798
  0.0238556 0.079589 0.19744 0.388087 0.583622 0.773338
  0.890151 0.945324 0.0324576 0.0873358 0.203202 0.389857
  0.581007 0.766812 0.881714 0.936052 
EndWarp

# Right inverse X warp
BeginWarp
  Id 6
  NumberKnots 13
  KnotsX 0 0 0 0 0.166667 0.333333 0.5 0.666667 0.833333 1 1 1 1
  KnotsY 0 0 0 0 0.166667 0.333333 0.5 0.666667 0.833333 1 1 1 1
  NumberCoefs 9 9
  Coefs
  -0.119692 -0.108253 -0.0899965 -0.074385 -0.0692608 -0.0741942
  -0.0895894 -0.10767 -0.119011 -0.0298333 -0.0201184 -0.00465426
  0.00851887 0.0128223 0.00864162 -0.00438617 -0.0197254 -0.0293686
  0.12665 0.13343 0.144165 0.153234 0.15616 0.15324
  0.144193 0.133493 0.126736 0.321223 0.324668 0.330083
  0.334601 0.336009 0.334474 0.329835 0.324342 0.320861
  0.496259 0.496968 0.498066 0.498935 0.499135 0.498698
  0.497584 0.496312 0.495511 0.66689 0.665007 0.662025
  0.65946 0.658523 0.659114 0.661311 0.664019 0.665754
  0.846967 0.842183 0.834605 0.828134 0.825894 0.827655
  0.833613 0.840802 0.845374 0.984385 0.977163 0.965679
  0.955839 0.952465 0.955241 0.96444 0.975438 0.982395
  1.06123 1.05259 1.03882 1.02699 1.02295 1.02632
  1.03743 1.05066 1.059 
EndWarp

# Right inverse Y warp
BeginWarp
  Id 7
  NumberKnots 11
  KnotsX 0 0 0 0 0.25 0.5 0.75 1 1 1 1
  KnotsY 0 0 0 0 0.25 0.5 0.75 1 1 1 1
  NumberCoefs 7 7
  Coefs
  -0.121968 -0.00507665 0.204081 0.485201 0.765783 0.973749
  1.08976 -0.0908438 0.0197585 0.218074 0.485545 0.752525
  0.949745 1.05953 -0.0489605 0.052958 0.236577 0.486028
  0.735063 0.917735 1.01893 -0.0261873 0.0708846 0.246478
  0.486396 0.725949 0.900695 0.997112 -0.0343456 0.0645352
  0.243112 0.486529 0.72957 0.907278 1.00549 -0.0627704
  0.0421331 0.23082 0.486461 0.741678 0.929409 1.03359
  -0.0852013 0.0243218 0.220911 0.486372 0.751379 0.946952
  1.05571 
EndWarp

# Left inverse X warp
BeginWarp
  Id 8
  NumberKnots 13
  KnotsX 0 0 0 0 0.166667 0.333333 0.5 0.666667 0.833333 1 1 1 1
  KnotsY 0 0 0 0 0.166667 0.333333 0.5 0.666667 0.833333 1 1 1 1
  NumberCoefs 9 9
  Coefs
  -0.0619582 -0.0523244 -0.0371402 -0.0248163 -0.021888 -0.0280914
  -0.0439367 -0.0618 -0.0728998 0.0224084 0.0305361 0.0433077
  0.0536168 0.0560193 0.0507493 0.03735 0.0222182 0.0127957
  0.170677 0.176236 0.184914 0.191825 0.193342 0.18964
  0.180368 0.169878 0.163322 0.3584 0.361007 0.365031
  0.368129 0.368654 0.366693 0.362054 0.356855 0.353604
  0.530242 0.53037 0.530522 0.530479 0.530188 0.529642
  0.528808 0.528013 0.52754 0.700439 0.698138 0.694497
  0.691379 0.690281 0.691106 0.693977 0.697482 0.699723
  0.882745 0.877638 0.869581 0.862844 0.860786 0.863218
  0.870417 0.878893 0.884248 1.02388 1.01637 1.00449
  0.994568 0.991657 0.995501 1.00648 1.01923 1.02724
  1.10338 1.09446 1.08033 1.06853 1.06511 1.06979
  1.083 1.09826 1.10781 
EndWarp

# Left inverse Y warp
BeginWarp
  Id 9
  NumberKnots 11
  KnotsX 0 0 0 0 0.25 0.5 0.75 1 1 1 1
  KnotsY 0 0 0 0 0.25 0.5 0.75 1 1 1 1
  NumberCoefs 7 7
  Coefs
  -0.0755103 0.0362571 0.237696 0.51198 0.78872 0.995627
  1.11148 -0.0488318 0.0573982 0.249275 0.511389 0.775771
  0.972746 1.08282 -0.0133338 0.0853739 0.264503 0.510788
  0.759059 0.942724 1.0449 0.00441451 0.0993799 0.2723
  0.511107 0.751755 0.92893 1.02718 -0.00624829 0.0913001
  0.268508 0.512498 0.758482 0.940252 1.04129 -0.0354495
  0.0686005 0.256799 0.514401 0.774304 0.967677 1.07563
  -0.0581315 0.0508162 0.247449 0.515762 0.78658 0.988799
  1.10192 
EndWarp

