Version "Locarno 3.0"
Product bumblebee
SerialNumber 3050198
Date 01-Aug-2003 14:04:21
Debug off

Resolution 240 320
LowPass on
Rectify on
EdgeCorrelation on
DoStereo on
EdgeMaskSize 7
StereoMaskSize 11

Disparity 0 64
DisparityMappingOn off
DisparityMapping 0 64
TextureValidation on
TextureValidationThreshold 1.1
TextureValidationMapping 255
UniqueValidation on
UniqueValidationThreshold 0.8
UniqueValidationMapping 254
SubPixelInterpolate off
StrictSubpixelValidation off
SurfaceValidation on
SurfaceValidationMapping 253
SurfaceValidationDifference 1
SurfaceValidationSize 200

CameraConfiguration 2CameraHorizontal
FocalLength 0.796857 1.06248 
ImageCenter 0.535386 0.54584
BaseLine 0.11957 

BeginCamera
  Id 0
  Channel red
  Position 0 0 0
  Gain 1
  Warp 0 1
  IWarp 6 7
EndCamera

BeginCamera
  Id 2
  Channel green
  Position -1 0 0
  Gain 1
  Warp 2 3
  IWarp 8 9
EndCamera

# Right forward X warp
BeginWarp
  Id 0
  NumberKnots 13
  KnotsX 0 0 0 0 0.166667 0.333333 0.5 0.666667 0.833333 1 1 1 1
  KnotsY 0 0 0 0 0.166667 0.333333 0.5 0.666667 0.833333 1 1 1 1
  NumberCoefs 9 9
  Coefs
  0.0635395 0.0588098 0.0506418 0.0426324 0.0395718 0.0418829
  0.0493878 0.0574023 0.0620359 0.103676 0.0993371 0.0916922
  0.0840485 0.0811305 0.0834284 0.0907457 0.0984412 0.102827
  0.191122 0.18743 0.180754 0.173989 0.171482 0.173709
  0.180474 0.187463 0.19138 0.339849 0.337655 0.333683
  0.32981 0.328667 0.330543 0.335286 0.339992 0.342598
  0.500554 0.500431 0.50029 0.500524 0.501294 0.502611
  0.504403 0.505824 0.506563 0.663693 0.665754 0.669647
  0.674203 0.676962 0.677645 0.67627 0.674195 0.672954
  0.818745 0.822566 0.829687 0.837664 0.841972 0.842108
  0.838169 0.833273 0.830431 0.911773 0.916342 0.924698
  0.933903 0.938739 0.938644 0.933743 0.927777 0.924301
  0.955025 0.959947 0.968814 0.978424 0.983412 0.983235
  0.978018 0.971659 0.967915 
EndWarp

# Right forward Y warp
BeginWarp
  Id 1
  NumberKnots 12
  KnotsX 0 0 0 0 0.2 0.4 0.6 0.8 1 1 1 1
  KnotsY 0 0 0 0 0.2 0.4 0.6 0.8 1 1 1 1
  NumberCoefs 8 8
  Coefs
  0.0723983 0.125002 0.236568 0.417282 0.604216 0.788669
  0.90465 0.959875 0.0610836 0.114793 0.228545 0.413333
  0.604908 0.793777 0.912168 0.968504 0.0406833 0.0958629
  0.213104 0.405551 0.606107 0.803457 0.926142 0.984218
  0.0198781 0.0761962 0.196705 0.396815 0.606433 0.812343
  0.939282 0.998975 0.0145566 0.0710478 0.192079 0.393462
  0.604622 0.812016 0.939715 0.999706 0.026063 0.0817239
  0.200357 0.396166 0.600775 0.802034 0.926735 0.985607
  0.0420646 0.0965436 0.212121 0.400971 0.5974 0.790963
  0.91184 0.969227 0.0513102 0.104915 0.218628 0.403673
  0.595684 0.785072 0.903783 0.960238 
EndWarp

# Left forward X warp
BeginWarp
  Id 2
  NumberKnots 13
  KnotsX 0 0 0 0 0.166667 0.333333 0.5 0.666667 0.833333 1 1 1 1
  KnotsY 0 0 0 0 0.166667 0.333333 0.5 0.666667 0.833333 1 1 1 1
  NumberCoefs 9 9
  Coefs
  0.0375988 0.0329554 0.0249332 0.017093 0.0141699 0.016596
  0.0241887 0.0322427 0.036898 0.0777398 0.0734792 0.0659706
  0.0584895 0.0557111 0.0581378 0.0655623 0.0733016 0.0777047
  0.165104 0.161479 0.15492 0.148296 0.145928 0.148318
  0.155254 0.162333 0.166283 0.313557 0.311421 0.307555
  0.303817 0.302831 0.304922 0.309917 0.314776 0.317447
  0.473975 0.473925 0.473933 0.474399 0.475413 0.476985
  0.479029 0.480601 0.481409 0.636839 0.638994 0.643096
  0.648012 0.651124 0.652097 0.650948 0.649004 0.647829
  0.791615 0.79553 0.802866 0.811232 0.815932 0.816405
  0.812745 0.808022 0.80527 0.884532 0.889183 0.897736
  0.907302 0.912524 0.912799 0.908243 0.902505 0.899142
  0.927763 0.932766 0.941824 0.951786 0.957159 0.957365
  0.95252 0.946403 0.942774 
EndWarp

# Left forward Y warp
BeginWarp
  Id 3
  NumberKnots 12
  KnotsX 0 0 0 0 0.2 0.4 0.6 0.8 1 1 1 1
  KnotsY 0 0 0 0 0.2 0.4 0.6 0.8 1 1 1 1
  NumberCoefs 8 8
  Coefs
  0.0567837 0.109416 0.220961 0.40156 0.588356 0.772676
  0.888596 0.943793 0.0454638 0.0991791 0.212879 0.397529
  0.58896 0.777683 0.896005 0.952324 0.0249336 0.0800877
  0.197225 0.38951 0.589947 0.787151 0.909723 0.967767
  0.00355962 0.0598036 0.180113 0.380074 0.589767 0.795674
  0.922467 0.9821 -0.00253769 0.0538559 0.17464 0.375859
  0.587148 0.79461 0.922193 0.982138 0.00809413 0.063675
  0.182103 0.377693 0.582258 0.783505 0.908178 0.96706
  0.0233879 0.0778076 0.193223 0.381859 0.578184 0.771724
  0.892641 0.950078 0.0322605 0.0858134 0.199386 0.384233
  0.57614 0.76552 0.884299 0.940808 
EndWarp

# Right inverse X warp
BeginWarp
  Id 6
  NumberKnots 12
  KnotsX 0 0 0 0 0.2 0.4 0.6 0.8 1 1 1 1
  KnotsY 0 0 0 0 0.2 0.4 0.6 0.8 1 1 1 1
  NumberCoefs 8 8
  Coefs
  -0.104144 -0.0910016 -0.0708628 -0.0558787 -0.0543376 -0.0659875
  -0.0834219 -0.0950284 -0.000474218 0.0102358 0.026554 0.0385315
  0.0395623 0.0298643 0.0154805 0.00589508 0.176915 0.183581
  0.193598 0.200657 0.200845 0.194303 0.184899 0.178637
  0.397109 0.39925 0.40233 0.404075 0.403339 0.400139
  0.396109 0.393489 0.601196 0.599431 0.596581 0.59383
  0.592292 0.591848 0.592323 0.592788 0.812277 0.806302
  0.797023 0.789345 0.786887 0.789391 0.7947 0.798463
  0.975132 0.96554 0.950642 0.938559 0.935246 0.940353
  0.949893 0.956505 1.06821 1.05646 1.03817 1.0234
  1.01956 1.02626 1.03836 1.04669 
EndWarp

# Right inverse Y warp
BeginWarp
  Id 7
  NumberKnots 11
  KnotsX 0 0 0 0 0.25 0.5 0.75 1 1 1 1
  KnotsY 0 0 0 0 0.25 0.5 0.75 1 1 1 1
  NumberCoefs 7 7
  Coefs
  -0.117004 0.000470042 0.209836 0.487547 0.759664 0.956696
  1.06506 -0.0845859 0.026949 0.226093 0.491195 0.75118
  0.938938 1.04198 -0.0404748 0.0628196 0.248027 0.496406
  0.740405 0.915698 1.01148 -0.0158671 0.082955 0.260754
  0.500545 0.736431 0.90527 0.997221 -0.0240779 0.0768848
  0.258247 0.502213 0.74214 0.914294 1.00824 -0.0539354
  0.0532636 0.245141 0.501682 0.753718 0.935477 1.03507
  -0.0774161 0.0344833 0.234422 0.500871 0.762496 0.951699
  1.05559 
EndWarp

# Left inverse X warp
BeginWarp
  Id 8
  NumberKnots 12
  KnotsX 0 0 0 0 0.2 0.4 0.6 0.8 1 1 1 1
  KnotsY 0 0 0 0 0.2 0.4 0.6 0.8 1 1 1 1
  NumberCoefs 8 8
  Coefs
  -0.0615597 -0.0500096 -0.0324241 -0.0198672 -0.019686 -0.0317758
  -0.0488481 -0.0600627 0.0376117 0.0469684 0.0611322 0.0710708
  0.070942 0.0608247 0.04669 0.0374032 0.208923 0.214604
  0.223071 0.228683 0.228039 0.221166 0.211904 0.205837
  0.424917 0.426359 0.428344 0.429092 0.42784 0.42454
  0.420744 0.418341 0.627982 0.625629 0.621841 0.618274
  0.616442 0.616214 0.617197 0.618021 0.841076 0.834545
  0.824359 0.815951 0.81342 0.816545 0.822751 0.827087
  1.00773 0.997612 0.981854 0.969148 0.965964 0.972013
  0.982736 0.990073 1.10346 1.09121 1.07211 1.05681
  1.05322 1.06102 1.07444 1.08356 
EndWarp

# Left inverse Y warp
BeginWarp
  Id 9
  NumberKnots 11
  KnotsX 0 0 0 0 0.25 0.5 0.75 1 1 1 1
  KnotsY 0 0 0 0 0.25 0.5 0.75 1 1 1 1
  NumberCoefs 7 7
  Coefs
  -0.085675 0.0282865 0.23244 0.505438 0.774759 0.970812
  1.07877 -0.0565232 0.0520788 0.246951 0.50832 0.766321
  0.953732 1.05677 -0.0167916 0.0844411 0.266741 0.512697
  0.755751 0.931543 1.02787 0.0045885 0.102152 0.278303
  0.516937 0.752967 0.92323 1.01632 -0.00536675 0.0948869
  0.275594 0.519782 0.761318 0.936055 1.03179 -0.0356324
  0.0711313 0.262988 0.520969 0.776062 0.961476 1.06341
  -0.058943 0.0526328 0.252855 0.521408 0.786906 0.98035
  1.08687 
EndWarp

