0.000000 437.005933 0.998583 -0.000980 415.956822 277.250854 -0.584479 334.096408 
2.600541 438.895920 0.997108 0.000074 406.551636 264.413542 -0.578156 333.721522 
1.972222 424.525692 0.995810 0.005862 387.333472 254.308579 -0.521865 306.678192 
4.363323 421.794263 1.020123 -0.026949 351.298199 266.538880 -0.199907 188.588393 
0.558505 436.439930 0.996798 -0.000375 331.120574 276.827927 -0.630057 346.429165 
-0.244346 432.681375 0.994307 -0.002910 336.948595 304.320563 -0.603821 336.219148 
2.199115 425.525894 1.005641 -0.005554 353.420837 313.488602 -0.802792 381.265570 
4.590216 420.742009 0.998810 0.001603 384.228622 323.081645 -0.457567 284.605329 
0.872665 426.608722 0.988979 0.001407 403.211583 302.365786 -0.529298 310.370025 
0.279253 439.899985 0.999327 0.000140 414.839703 286.134446 -0.597359 339.994232 
-0.122173 438.828373 0.992898 0.005894 409.229612 276.552329 -0.542733 323.286789 
